767158323476995
895796930532520
998424956
1545947
818571
1979877372025794
234286433
215138509
213347961
216866141
213131785
214314073
352783691838048
116231
89382662
108496425841984
213076173
212996687
161162467311281
213100244
1019152804
214115506
124623368125190
213801245
213131048
114792
1351970934858234
216978098
213097372
214227454
1707593846170983
213267431
214717975
481942715615483
213205633
226142803
109693046373005
1030071063
215040757
215871574
249193286
276705862941929
263615650
776753787
481892227
213184800
218241549
161991380883058
997261377
213050549
229032572
213429964
72783909
220705343
213466096
711917588
220705331
213110159
180663
235572176
736780008
145152299487253
1562215680698946
214073398
225809463
150309218896825
214345561
218596037
293872254
287977568
566985097
387463677962521
1494033880666824
1790295544633945
116160
180139879389203
213168722
3002373
325340692
947798162
101977618
223698853
529530007061536
213069300
237726835
265054594
217969531
17326249
213359469
254691773
213570652
578879538
216892587
213658970
274418753335684
424209604755464
217478883
413563067
213211804
250955125
221635980
443104649423342
212940986
1480723
1014958424
235736485
79616907
213216893
405027146
250942898740249
235116159
427386520
213174824
1809009149407873
769287943
274029466
213232307
213094275
234756425
1780914595539968
213755156
214820174
216661333
213014634
1881242948766345
213682738
215529123
213326726
214818324
214122044